441	450
442	450
443	450
444	450
445	450
446	450
448	450
449	450
450	450
451	450
452	450
453	450
454	450
455	450
457	450
458	450
459	450
460	450
461	450
462	450
463	450
464	450
465	450
466	449
468	449
469	449
470	449
471	449
472	449
473	448
474	448
475	448
473	449
472	449
471	450
470	450
469	451
468	451
467	451
465	452
464	452
463	452
462	452
460	452
458	452
457	453
456	453
455	453
454	453
452	453
451	453
450	453
449	453
448	453
447	453
446	454
445	453
444	453
443	454
442	454
440	454
439	454
438	454
437	454
436	454
435	454
434	454
433	454
432	454
430	454
429	455
428	455
427	456
425	456
